Sim started on 8/25/2019 at 10:57 pm

Copy and paste the following numbers into the spreadsheet
These are the average speeds of all the individuals over time

0.91841155
0.9172662
0.91868335
0.9159575
0.91719294
0.91367584
0.9147568
0.9175081
0.94018763
0.9588135
0.9737094
0.98612744
1.0072795
1.0068516
1.0314204
1.0276319
1.0449148
1.0485686
1.0688272
1.0849782
1.0889401
1.0899936
1.1044766
1.1169196
1.1333221
1.1350847
1.1416982
1.1561074
1.1653022
1.1976111
1.2191644
1.2269458
1.2246941
1.2347686
1.2403952
1.2552853
1.2836937
1.3012185
1.3077205
1.3132997
1.3247828
1.337041
1.362586
1.3934073
1.4112499
1.4418161
1.4547949
1.4752501
1.4770671
1.4984658
1.5099005
1.5157465
1.5268742
1.5349816
1.5403162
1.5496558
1.5600078
1.5605024
1.5760244
1.5922683
1.5882177
1.576918
1.569853
1.5703206
1.5795543
1.585339
1.5798419
1.575067
1.558169
1.5530902
1.5581392
1.5506439
1.5500894
